SetDesc: "NNPDF3.1 NLO global fit (perturbative charm), alphas(MZ)=0.118. mem=0 => average on replicas; mem=1-1000 => PDF replicas"
SetIndex: 311000
Authors: NNPDF Collaboration. R.D. Ball, V. Bertone, S. Carrazza, L. Del Debbio, S. Forte, P. Groth-Merrild, A. Guffanti, N.P. Hartland, Z. Kassabov, J.I. Latorre, E. Nocera, J. Rojo, L. Rottoli, E. Slade and M. Ubiali
Reference: arXiv:17xx.xxxxxx
Format: lhagrid1
DataVersion: 1
NumMembers: 101
Particle: 2212
Flavors: [-5, -4, -3, -2, -1, 21, 1, 2, 3, 4, 5]
OrderQCD: 1
FlavorScheme: variable
NumFlavors: 5
ErrorType: replicas
XMin: 1.0000000e-09
XMax: 1.0000000e+00
QMin: 1.0000000e+00
QMax: 1.0000000e+05
MZ: 9.1200000e+01
MUp: 0
MDown: 0
MStrange: 0
MCharm: 1.5100000e+00
MBottom: 4.9200000e+00
MTop: 1.7250000e+02
AlphaS_MZ: 0.1180000
AlphaS_OrderQCD: 1
AlphaS_Type: ipol
AlphaS_Qs: [1.0000000e+00, 1.0768843e+00, 1.1642787e+00, 1.2640247e+00, 1.3783565e+00, 1.5100000e+00, 1.5100000e+00, 1.6573843e+00, 1.8279487e+00, 2.0263188e+00, 2.2582323e+00, 2.5308507e+00, 2.8531703e+00, 3.2365690e+00, 3.6955380e+00, 4.2486693e+00, 4.9200000e+00, 4.9200000e+00, 5.6571821e+00, 6.5475141e+00, 7.6300446e+00, 8.9555329e+00, 1.0590474e+01, 1.2622686e+01, 1.5169120e+01, 1.8386905e+01, 2.2489085e+01, 2.7767274e+01, 3.4624624e+01, 4.3624282e+01, 5.5561424e+01, 7.1571582e+01, 9.3295496e+01, 1.2313315e+02, 1.6464038e+02, 2.2315640e+02, 3.0681103e+02, 4.2816505e+02, 6.0692308e+02, 8.7449251e+02, 1.2817733e+03, 1.9127020e+03, 2.9082314e+03, 4.5095982e+03, 7.1379509e+03, 1.1543948e+04, 1.9094934e+04, 3.2338760e+04, 5.6137084e+04, 1.0000000e+05]
AlphaS_Vals: [4.4668734e-01, 4.2242441e-01, 3.9962609e-01, 3.7819794e-01, 3.5805088e-01, 3.3910113e-01, 3.3910113e-01, 3.2373075e-01, 3.0902992e-01, 2.9497439e-01, 2.8153998e-01, 2.6870266e-01, 2.5643873e-01, 2.4472488e-01, 2.3353827e-01, 2.2285663e-01, 2.1265827e-01, 2.1265827e-01, 2.0470623e-01, 1.9700605e-01, 1.8955341e-01, 1.8234372e-01, 1.7537218e-01, 1.6863377e-01, 1.6212334e-01, 1.5583558e-01, 1.4976511e-01, 1.4390646e-01, 1.3825412e-01, 1.3280256e-01, 1.2754623e-01, 1.2247960e-01, 1.1759717e-01, 1.1289348e-01, 1.0836314e-01, 1.0400081e-01, 9.9801234e-02, 9.5759238e-02, 9.1869746e-02, 8.8127775e-02, 8.4528447e-02, 8.1066989e-02, 7.7738739e-02, 7.4539145e-02, 7.1463770e-02, 6.8508290e-02, 6.5668497e-02, 6.2940298e-02, 6.0319713e-02, 5.7802878e-02]
AlphaS_Lambda4: 0.342207
AlphaS_Lambda5: 0.239
