SetDesc: 'MySetForPim - pi^+ FF fit at NLO - mem=0 => average over replicas, mem=1-250 => Monte Carlo replicas - set generated with APFEL++'
SetIndex: 0000000
SetType: fragfn
Authors: R. Abdul Khalek, V. Bertone, A. Khoudli, E. R. Nocera
Reference: arXiv:xxxx.xxxxx
Format: lhagrid1
DataVersion: 1
Particle: 211
FlavorScheme: variable
ErrorType: replicas
NumMembers: 251
Flavors: [-5, -4, -3, -2, -1, 21, 1, 2, 3, 4, 5]
OrderQCD: 1
NumFlavors: 5
XMin: 0.010000
XMax: 1
QMin: 1.000000
QMax: 1000.000000
MZ: 91.187600
MUp: 0.000000
MDown: 0.000000
MStrange: 0.000000
MCharm: 1.510000
MBottom: 4.920000
ThresholdUp: 0.000000
ThresholdDown: 0.000000
ThresholdStrange: 0.000000
ThresholdCharm: 1.510000
ThresholdBottom: 4.920000
AlphaS_MZ: 0.118000
AlphaS_OrderQCD: 1
AlphaS_Type: ipol
AlphaS_Qs: [1.000000, 1.053917, 1.112953, 1.177724, 1.248939, 1.327409, 1.414069, 1.510000, 1.510000, 1.621464, 1.746074, 1.885782, 2.042886, 2.220102, 2.420653, 2.648376, 2.907857, 3.204601, 3.545244, 3.937819, 4.392093, 4.920000, 4.920000, 5.520421, 6.221739, 7.044636, 8.014753, 9.164040, 10.532533, 12.170673, 14.142381, 16.529145, 19.435494, 22.996367, 27.387122, 32.837205, 39.648973, 48.223793, 59.098535, 72.996995, 90.902966, 114.164982, 144.647805, 184.953533, 238.747459, 311.243040, 409.931119, 545.688067, 734.478325, 1000.000000, 1000.000000]
AlphaS_Vals: [0.455502, 0.436761, 0.419015, 0.402188, 0.386212, 0.371026, 0.356575, 0.342809, 0.342809, 0.330347, 0.318377, 0.306875, 0.295818, 0.285184, 0.274956, 0.265113, 0.255639, 0.246518, 0.237734, 0.229273, 0.221122, 0.213267, 0.213267, 0.206557, 0.200035, 0.193699, 0.187542, 0.181562, 0.175755, 0.170115, 0.164639, 0.159323, 0.154163, 0.149156, 0.144297, 0.139583, 0.135009, 0.130573, 0.126271, 0.122100, 0.118056, 0.114135, 0.110335, 0.106652, 0.103083, 0.099625, 0.096275, 0.093030, 0.089887, 0.086844, 0.086844]
